68

0 0 0
255 255 255

0 76 0 
0 82 0
0 88 0 
0 94 0
0 100 0
0 106 0 
0 112 0
0 118 0
0 124 0
0 130 0
0 136 0
0 142 0
0 148 0
0 154 0
0 160 0
0 166 0
0 172 0
0 178 0
0 184 0
0 190 0
0 196 0
0 202 0
0 208 0
0 214 0
0 220 0
0 226 0
0 232 0
0 238 0
0 244 0
0 250 0

0 0 50 
0 0 56
0 0 62 
0 0 68 
0 0 74 
0 0 80 
0 0 86 
0 0 92 
0 0 98 
0 0 104 
0 0 110
0 0 116
0 0 122
0 0 128
0 0 134
0 0 140
0 0 146
0 0 152
0 0 158
0 0 164
0 0 170
0 0 176
0 0 182
0 0 188
0 0 194
0 0 200
0 0 206
0 0 212
0 0 218
0 0 224
0 0 230
0 0 236
0 0 242
0 0 248
0 0 255

255 0 0 


