//no) BBB GGG RRR
//number of colours
31

//black & white - wall & no watering
0) 0 0 0
1) 255 255 255

//greens - watered
2) 204 255 204
3) 178 255 178
4) 153 255 153
5) 127 255 127
6) 102 255 102
7) 0 255 0
8) 0 204 0
9) 0 178 0
10) 0 153 0
11) 0 127 0
12) 0 102 0
13) 0 76 0

//reds - overwaterd
14) 229 229 255
15) 204 204 255
16) 178 178 255
17) 153 153 255
18) 127 127 255
19) 102 102 255
20) 76 76 255
21) 0 0 255
22) 0 0 229
23) 0 0 204
24) 0 0 178
25) 0 0 153
26) 0 0 127
27) 0 0 102
28) 0 0 76
29) 0 0 51 

//blue - debug & errors
30) 255 0 0 


